0 0 1 0 3 0 3 1 4 1 4 2 4 2 4 3 3 3 3 3 1 3 1 2 0 2 0 1 0 1 0 0 1 0 4 3 0
1 0 3 1 4 1 4 1 0
2 0 3 1 4 1 4 2 4 2 4 3 3 3 3 0 0 0 0 3 0
3 0 3 1 4 1 4 2 4 2 4 3 3 3 3 2 2 1 2 3 2 3 2 3 0 3 0 1 0 1 0 0 1
A 0 0 0 3 0 3 1 4 1 4 2 4 2 4 3 3 3 3 3 0 3 2 0 2
a 0 2 1 3 1 3 2 2 2 2 2 0 2 1 1 0 1 0 0 0 0 0 0 1 0 1 2 2
B 0 0 0 4 0 4 2 4 2 4 3 3 3 3 2 2 2 2 3 1 3 1 2 0 2 0 0 0 0 2 2 2
b 0 0 0 4 0 0 1 0 1 0 2 1 2 1 1 2 1 2 0 2
C 3 4 1 4 1 4 0 3 0 3 0 1 0 1 1 0 1 0 3 0
c 2 2 1 2 1 2 0 1 0 1 1 0 1 0 2 0
D 0 0 2 0 2 0 3 2 3 2 2 4 2 4 0 4 0 4 0 0
d 2 4 2 0 2 2 1 2 1 2 0 1 0 1 1 0 1 0 2 1
U 0 4 0 1 0 1 1 0 1 0 2 0 2 0 3 1 3 1 3 4
u 0 2 0 0 0 0 1 1 1 2 1 0
X 0 0 3 4 3 0 0 4
